intrinsic:
2581.33211 0.0 320 
0.0 2576 240 
0.0 0.0 1.0 
distortion:
0.0212284835698144 0.8546829039917951 0.0034281408326615323 0.0005749116561059772 -3.217248182814475 
